 3.000000 
 2.999995 
 2.999967 
 2.999832 
 2.999152 
 2.995745 
 2.978449 
 2.885590 
 2.445213 
 1.880176 
 1.219283 
 0.496229 
 -0.252124 
 -0.987623 
 -1.672770 
 -2.272637 
 -2.756641 
 -3.100105 
 -3.285520 
 -3.303433 
 -3.152931 
 -2.841686 
 -2.385567 
 -1.807826 
 -1.137920 
 -0.410000 
 0.338823 
 1.070371 
 1.747350 
 2.335246 
 2.804086 
 3.129969 
 3.296279 
 3.294539 
 3.124837 
 2.795825 
 2.324276 
 1.734232 
 1.055773 
 0.323488 
 -0.425288 
 -1.152383 
 -1.820726 
 -2.396246 
 -2.849600 
 -3.157676 
 -3.304768 
 -3.283376 
 -3.094591 
 -2.748038 
 -2.261385 
 -1.659443 
 -0.972898 
 -0.236754 
 0.511461 
 1.233600 
 1.892848 
 2.281632 
