 -1.000000 
 -1.000084 
 -1.000505 
 -1.002610 
 -1.013132 
 -1.065742 
 -1.328691 
 -2.639808 
 -7.459661 
 -11.899206 
 -15.732106 
 -18.762952 
 -20.837227 
 -21.849180 
 -21.747220 
 -20.536544 
 -18.278876 
 -15.089316 
 -11.130474 
 -6.604179 
 -1.741191 
 3.210567 
 7.998643 
 12.378932 
 16.128120 
 19.055064 
 21.010545 
 21.894867 
 21.662947 
 20.326608 
 17.953980 
 14.666024 
 10.630365 
 6.052751 
 1.166555 
 -3.779113 
 -8.532114 
 -12.850131 
 -16.513024 
 -19.334051 
 -21.169390 
 -21.925473 
 -21.563753 
 -20.102672 
 -17.616717 
 -14.232629 
 -10.122935 
 -5.497153 
 -0.591117 
 4.345055 
 9.059708 
 13.312479 
 16.886554 
 19.599719 
 21.313653 
 21.940976 
 21.449706 
 20.507528 
