 10.000000 
 9.999970 
 9.999821 
 9.999074 
 9.995338 
 9.976626 
 9.882203 
 9.389018 
 7.241452 
 4.724702 
 1.967079 
 -0.890830 
 -3.703323 
 -6.327012 
 -8.628139 
 -10.489386 
 -11.815864 
 -12.539946 
 -12.624718 
 -12.065857 
 -10.891856 
 -9.162567 
 -6.966153 
 -4.414591 
 -1.637965 
 1.222167 
 4.019991 
 6.612868 
 8.868607 
 10.672208 
 11.931719 
 12.582928 
 12.592635 
 11.960346 
 10.718294 
 8.929804 
 6.686055 
 4.101439 
 1.307723 
 -1.552663 
 -4.333890 
 -6.894168 
 -9.102967 
 -10.847680 
 -12.039356 
 -12.617244 
 -12.551879 
 -11.846596 
 -10.537351 
 -8.690891 
 -6.401353 
 -3.785462 
 -0.976581 
 1.882088 
 4.644804 
 7.170719 
 9.331057 
 10.515807 
