 13.000000 
 12.999976 
 12.999853 
 12.999242 
 12.996185 
 12.980854 
 12.903078 
 12.486559 
 10.525982 
 8.028770 
 5.122237 
 1.954562 
 -1.312760 
 -4.513154 
 -7.483459 
 -10.072243 
 -12.147524 
 -13.603501 
 -14.365946 
 -14.395986 
 -13.692092 
 -12.290148 
 -10.261629 
 -7.709953 
 -4.765208 
 -1.577525 
 1.690584 
 4.872503 
 7.806013 
 10.341556 
 12.349867 
 13.728558 
 14.407341 
 14.351609 
 13.564205 
 12.085272 
 9.990208 
 7.385825 
 4.404898 
 1.199401 
 -2.067244 
 -5.228496 
 -8.123189 
 -10.603746 
 -12.543704 
 -13.844159 
 -14.438812 
 -14.297347 
 -13.426976 
 -11.872071 
 -9.711906 
 -7.056609 
 -4.041553 
 -0.820451 
 2.442479 
 5.580886 
 8.434769 
 10.110946 
