 -12.000000 
 -12.000305 
 -12.001833 
 -12.009468 
 -12.047593 
 -12.236978 
 -13.153251 
 -17.015468 
 -23.271799 
 -21.642407 
 -16.869311 
 -11.687701 
 -7.465994 
 -4.688533 
 -3.311414 
 -3.015361 
 -3.377123 
 -3.978599 
 -4.470151 
 -4.601453 
 -4.230183 
 -3.316258 
 -1.907166 
 -0.118387 
 1.888266 
 3.926360 
 5.805144 
 7.347388 
 8.404049 
 8.865301 
 8.667708 
 7.797547 
 6.290447 
 4.227717 
 1.729826 
 -1.052353 
 -3.947883 
 -6.776987 
 -9.362451 
 -11.540550 
 -13.170883 
 -14.144616 
 -14.390710 
 -13.879868 
 -12.626037 
 -10.685445 
 -8.153300 
 -5.158361 
 -1.855720 
 1.581776 
 4.972994 
 8.138364 
 10.909561 
 13.138535 
 14.705406 
 15.524824 
 15.550481 
 15.120814 
