 14.000000 
 14.000119 
 14.000717 
 14.003703 
 14.018622 
 14.092883 
 14.455773 
 16.053527 
 18.633362 
 16.037517 
 9.727255 
 1.795521 
 -5.789055 
 -11.655035 
 -15.174331 
 -16.355958 
 -15.610098 
 -13.497752 
 -10.542324 
 -7.132799 
 -3.510380 
 0.190861 
 3.883621 
 7.474767 
 10.835782 
 13.799328 
 16.176300 
 17.783653 
 18.473239 
 18.154468 
 16.807144 
 14.484059 
 11.305078 
 7.445462 
 3.121137 
 -1.426954 
 -5.948072 
 -10.195769 
 -13.940606 
 -16.981397 
 -19.154867 
 -20.343524 
 -20.481420 
 -19.557489 
 -17.616178 
 -14.755229 
 -11.120659 
 -6.899155 
 -2.308299 
 2.414839 
 7.026118 
 11.287070 
 14.977290 
 17.905844 
 19.921095 
 20.918476 
 20.845813 
 20.199596 
