 14.000000 
 14.000043 
 14.000261 
 14.001346 
 14.006756 
 14.033385 
 14.156035 
 14.512774 
 12.586253 
 7.642285 
 2.591841 
 -0.691972 
 -1.806271 
 -1.465302 
 -0.800295 
 -0.728044 
 -1.621646 
 -3.309538 
 -5.288712 
 -6.995156 
 -8.009304 
 -8.143722 
 -7.424328 
 -6.012067 
 -4.116194 
 -1.933292 
 0.377329 
 2.689695 
 4.894671 
 6.885500 
 8.553305 
 9.793115 
 10.516068 
 10.662096 
 10.208658 
 9.173652 
 7.612946 
 5.614269 
 3.289463 
 0.766514 
 -1.817939 
 -4.325549 
 -6.622855 
 -8.587639 
 -10.114990 
 -11.122765 
 -11.556045 
 -11.390183 
 -10.632188 
 -9.320311 
 -7.521918 
 -5.329806 
 -2.857220 
 -0.231884 
 2.410668 
 4.934083 
 7.208211 
 8.530573 
