   0.0000000e+00
   4.8649101e-04
   1.1205008e-03
   1.1205008e-03
   2.0668668e-03
   2.0668668e-03
   2.2638820e-03
   2.2638820e-03
   3.4266122e-03
   3.4266122e-03
   4.1311520e-03
   4.1311520e-03
   4.6121649e-03
   4.6121649e-03
   5.7555461e-03
   5.8199825e-03
   5.8199825e-03
   6.1946230e-03
   6.1946230e-03
   7.0499918e-03
   7.0499918e-03
   8.1933731e-03
   8.2587056e-03
   8.2587056e-03
   8.3057517e-03
   8.3057517e-03
   9.4491329e-03
   9.5830120e-03
   9.5830120e-03
   1.0321074e-02
   1.0321074e-02
   1.0886981e-02
   1.0886981e-02
   1.2030363e-02
   1.2217475e-02
   1.2217475e-02
   1.2387719e-02
   1.2387719e-02
   1.3531101e-02
   1.3572468e-02
   1.3572468e-02
   1.4455619e-02
   1.4455619e-02
   1.4956604e-02
   1.4956604e-02
   1.6099985e-02
   1.6369441e-02
   1.6369441e-02
   1.6529524e-02
   1.6529524e-02
   1.7672905e-02
   1.7809258e-02
   1.7809258e-02
   1.8606467e-02
   1.8606467e-02
   1.9280608e-02
   1.9280608e-02
   2.0423989e-02
   2.0692408e-02
   2.0692408e-02
   2.0784348e-02
   2.0784348e-02
   2.1927730e-02
   2.2317514e-02
   2.2317514e-02
   2.2782729e-02
   2.2782729e-02
   2.3884192e-02
   2.3884192e-02
   2.4882398e-02
   2.4882398e-02
   2.5486121e-02
   2.5486121e-02
   2.6629502e-02
   2.6993062e-02
   2.6993062e-02
   2.7124327e-02
   2.7124327e-02
   2.8267708e-02
   2.8797006e-02
   2.8797006e-02
   2.9111722e-02
   2.9111722e-02
   3.0255103e-02
   3.0507093e-02
   3.0507093e-02
   3.1241409e-02
   3.1241409e-02
   3.2256984e-02
   3.2256984e-02
   3.3384333e-02
   3.3384333e-02
   3.4047949e-02
   3.4047949e-02
   3.5191331e-02
   3.5541208e-02
   3.5541208e-02
   3.5881333e-02
   3.5881333e-02
   3.7024714e-02
   3.7712779e-02
   3.7712779e-02
   3.7758558e-02
   3.7758558e-02
   3.8901939e-02
   3.9678813e-02
   3.9678813e-02
   3.9897135e-02
   3.9897135e-02
   4.1040517e-02
   4.1645792e-02
   4.1645792e-02
   4.2097536e-02
   4.2097536e-02
   4.3240917e-02
   4.3661726e-02
   4.3661726e-02
   4.4315393e-02
   4.4315393e-02
   4.5458774e-02
   4.5728483e-02
   4.5728483e-02
   4.6551594e-02
   4.6551594e-02
   4.7694975e-02
   4.7848070e-02
   4.7848070e-02
   4.8807065e-02
   4.8807065e-02
   4.9950447e-02
   5.0022647e-02
   5.0022647e-02
   5.1082778e-02
   5.1082778e-02
   5.2226159e-02
   5.2254548e-02
   5.2254548e-02
   5.3379750e-02
   5.3379750e-02
   5.4523131e-02
   5.4546301e-02
   5.4546301e-02
   5.5689682e-02
   5.5699050e-02
   5.5699050e-02
   5.6842431e-02
   5.6900652e-02
   5.6900652e-02
   5.8041805e-02
   5.8041805e-02
   5.9185186e-02
   5.9320596e-02
   5.9320596e-02
   6.0409204e-02
   6.0409204e-02
   6.1552585e-02
   6.1809408e-02
   6.1809408e-02
   6.2802508e-02
   6.2802508e-02
   6.3945889e-02
   6.4370687e-02
   6.4370687e-02
   6.5223052e-02
   6.5223052e-02
   6.6366434e-02
   6.7008398e-02
   6.7008398e-02
   6.7672264e-02
   6.7672264e-02
   6.8815646e-02
   6.9726933e-02
   6.9726933e-02
   7.0151667e-02
   7.0151667e-02
   7.1295049e-02
   7.2438430e-02
   7.2531175e-02
   7.2531175e-02
   7.2662899e-02
   7.2662899e-02
   7.3806280e-02
   7.4949661e-02
   7.5204303e-02
   7.5204303e-02
   7.5422953e-02
   7.5422953e-02
   7.6566335e-02
   7.7709716e-02
   7.7778019e-02
   7.7778019e-02
   7.8408523e-02
   7.8408523e-02
   7.9551905e-02
   8.0388013e-02
   8.0388013e-02
   8.1496765e-02
   8.1496765e-02
   8.2640147e-02
   8.3036383e-02
   8.3036383e-02
   8.4179765e-02
   8.4695298e-02
   8.4695298e-02
   8.5725423e-02
   8.5725423e-02
   8.6868804e-02
   8.8012185e-02
   8.8012826e-02
   8.8012826e-02
   8.8457656e-02
   8.8457656e-02
   8.9601038e-02
   9.0744419e-02
   9.1231868e-02
   9.1231868e-02
   9.1454864e-02
   9.1454864e-02
   9.2598245e-02
   9.3741627e-02
   9.4045126e-02
   9.4045126e-02
   9.5025929e-02
   9.5025929e-02
   9.6169310e-02
   9.6908416e-02
   9.6908416e-02
   9.8051797e-02
   9.8747912e-02
   9.8747912e-02
   9.9825253e-02
   9.9825253e-02
   1.0096863e-01
   1.0211202e-01
   1.0263620e-01
   1.0263620e-01
   1.0279963e-01
   1.0279963e-01
   1.0394301e-01
   1.0508639e-01
   1.0581798e-01
   1.0581798e-01
   1.0668778e-01
   1.0668778e-01
   1.0783116e-01
   1.0889615e-01
   1.0889615e-01
   1.1003953e-01
   1.1093656e-01
   1.1093656e-01
   1.1204268e-01
   1.1204268e-01
   1.1318606e-01
   1.1432945e-01
   1.1526035e-01
   1.1526035e-01
   1.1540810e-01
   1.1540810e-01
   1.1655148e-01
   1.1769486e-01
   1.1852899e-01
   1.1852899e-01
   1.2010043e-01
   1.2010043e-01
   1.2167187e-01
   1.2188047e-01
   1.2188047e-01
   1.2345191e-01
   1.2502335e-01
   1.2508074e-01
   1.2508074e-01
   1.2532353e-01
   1.2532353e-01
   1.2646691e-01
   1.2761029e-01
   1.2882762e-01
   1.2882762e-01
   1.3034623e-01
   1.3034623e-01
   1.3186485e-01
   1.3242858e-01
   1.3242858e-01
   1.3394720e-01
   1.3546582e-01
   1.3598619e-01
   1.3598619e-01
   1.3614586e-01
   1.3614586e-01
   1.3728924e-01
   1.3843262e-01
   1.3993126e-01
   1.3993126e-01
   1.4200549e-01
   1.4200549e-01
   1.4384553e-01
   1.4384553e-01
   1.4568558e-01
   1.4752562e-01
   1.4789290e-01
   1.4789290e-01
   1.4853139e-01
   1.4853139e-01
   1.4967477e-01
   1.5081815e-01
   1.5203606e-01
   1.5203606e-01
   1.5432282e-01
   1.5562548e-01
   1.5562548e-01
   1.5636293e-01
   1.5636293e-01
   1.5750631e-01
   1.5864969e-01
   1.6080421e-01
   1.6080421e-01
   1.6309097e-01
   1.6341654e-01
   1.6341654e-01
   1.6543928e-01
   1.6543928e-01
   1.6746202e-01
   1.6948476e-01
   1.7026469e-01
   1.7026469e-01
   1.7211037e-01
   1.7211037e-01
   1.7395604e-01
   1.7527758e-01
   1.7527758e-01
   1.7712326e-01
   1.7896893e-01
   1.8057274e-01
   1.8057274e-01
   1.8195870e-01
   1.8195870e-01
   1.8334465e-01
   1.8473061e-01
   1.8606266e-01
   1.8606266e-01
   1.8883458e-01
   1.9160649e-01
   1.9194623e-01
   1.9194623e-01
   1.9332850e-01
   1.9332850e-01
   1.9471077e-01
   1.9609304e-01
   1.9806272e-01
   1.9806272e-01
   2.0082726e-01
   2.0359180e-01
   2.0470521e-01
   2.0470521e-01
   2.0675017e-01
   2.0675017e-01
   2.0879513e-01
   2.1084009e-01
   2.1168647e-01
   2.1168647e-01
   2.1577638e-01
   2.1934418e-01
   2.1934418e-01
   2.2286990e-01
   2.2286990e-01
   2.2639563e-01
   2.2757767e-01
   2.2757767e-01
   2.3110340e-01
   2.3462913e-01
   2.3665750e-01
   2.3665750e-01
   2.4169834e-01
   2.4169834e-01
   2.4667787e-01
   2.4667787e-01
   2.5165740e-01
   2.5663693e-01
   2.5784031e-01
   2.5784031e-01
   2.6046013e-01
   2.6046013e-01
   2.6307994e-01
   2.6569976e-01
   2.7003146e-01
   2.7003146e-01
   2.7527109e-01
   2.7654028e-01
   2.7654028e-01
   2.8177991e-01
   2.8337310e-01
   2.8337310e-01
   2.8861273e-01
   2.9031352e-01
   2.9031352e-01
   2.9555315e-01
   2.9729110e-01
   2.9729110e-01
   3.0253073e-01
   3.0265991e-01
   3.0265991e-01
   3.0789954e-01
   3.1093191e-01
   3.1093191e-01
   3.1402122e-01
   3.1402122e-01
   3.1711052e-01
   3.2019983e-01
   3.2362338e-01
   3.2362338e-01
   3.2468960e-01
   3.2468960e-01
   3.2583298e-01
   3.2697636e-01
   3.2926312e-01
   3.3383665e-01
   3.3486352e-01
   3.3486352e-01
   3.3522859e-01
   3.3522859e-01
   3.3637198e-01
   3.3751536e-01
   3.3980212e-01
   3.4437564e-01
   3.4462617e-01
   3.4462617e-01
   3.4587940e-01
   3.4587940e-01
   3.4713263e-01
   3.4838586e-01
   3.5089231e-01
   3.5397478e-01
   3.5397478e-01
   3.5572514e-01
   3.5572514e-01
   3.5747551e-01
   3.5922587e-01
   3.6272659e-01
   3.6298655e-01
   3.6298655e-01
   3.6492120e-01
   3.6492120e-01
   3.6685585e-01
   3.6879050e-01
   3.7171585e-01
   3.7171585e-01
   3.7358881e-01
   3.7358881e-01
   3.7546176e-01
   3.7733471e-01
   3.8020387e-01
   3.8020387e-01
   3.8182058e-01
   3.8182058e-01
   3.8343728e-01
   3.8505398e-01
   3.8828739e-01
   3.8848343e-01
   3.8848343e-01
   3.8968773e-01
   3.8968773e-01
   3.9089203e-01
   3.9209633e-01
   3.9450494e-01
   3.9658162e-01
   3.9658162e-01
   3.9724590e-01
   3.9724590e-01
   3.9838928e-01
   3.9953267e-01
   4.0181943e-01
   4.0452130e-01
   4.0452130e-01
   4.0453927e-01
   4.0453927e-01
   4.0568265e-01
   4.0682603e-01
   4.0911279e-01
   4.1160977e-01
   4.1160977e-01
   4.1233616e-01
   4.1233616e-01
   4.1347954e-01
   4.1462292e-01
   4.1690968e-01
   4.1847922e-01
   4.1847922e-01
   4.2002638e-01
   4.2002638e-01
   4.2157355e-01
   4.2312071e-01
   4.2517177e-01
   4.2517177e-01
   4.2760687e-01
   4.2760687e-01
   4.3004197e-01
   4.3170795e-01
   4.3170795e-01
   4.3414304e-01
   4.3509123e-01
   4.3509123e-01
   4.3752632e-01
   4.3810525e-01
   4.3810525e-01
   4.4054035e-01
   4.4249163e-01
   4.4249163e-01
   4.4437874e-01
   4.4437874e-01
   4.4626585e-01
   4.4815297e-01
   4.4981906e-01
   4.4981906e-01
   4.5054152e-01
   4.5054152e-01
   4.5168490e-01
   4.5282829e-01
   4.5511505e-01
   4.5660652e-01
   4.5660652e-01
   4.5708742e-01
   4.5708742e-01
   4.5823080e-01
   4.5937418e-01
   4.6166094e-01
   4.6258353e-01
   4.6258353e-01
   4.6430599e-01
   4.6430599e-01
   4.6602845e-01
   4.6775091e-01
   4.6847890e-01
   4.6847890e-01
   4.7147620e-01
   4.7147620e-01
   4.7430084e-01
   4.7430084e-01
   4.7712548e-01
   4.7860616e-01
   4.7860616e-01
   4.8005675e-01
   4.8005675e-01
   4.8150733e-01
   4.8295792e-01
   4.8570344e-01
   4.8570344e-01
   4.8575332e-01
   4.8575332e-01
   4.8689670e-01
   4.8804009e-01
   4.9032685e-01
   4.9139682e-01
   4.9139682e-01
   4.9277915e-01
   4.9277915e-01
   4.9416149e-01
   4.9554382e-01
   4.9699132e-01
   4.9699132e-01
   4.9975598e-01
   4.9983379e-01
   4.9983379e-01
   5.0254204e-01
   5.0254204e-01
   5.0525029e-01
   5.0687372e-01
   5.0687372e-01
   5.0805387e-01
   5.0805387e-01
   5.0923402e-01
   5.1041416e-01
   5.1277445e-01
   5.1353085e-01
   5.1353085e-01
   5.1390533e-01
   5.1390533e-01
   5.1504871e-01
   5.1619209e-01
   5.1847885e-01
   5.1897532e-01
   5.1897532e-01
   5.2093369e-01
   5.2093369e-01
   5.2289205e-01
   5.2439237e-01
   5.2439237e-01
   5.2635074e-01
   5.2796357e-01
   5.2796357e-01
   5.2978584e-01
   5.2978584e-01
   5.3160811e-01
   5.3343039e-01
   5.3500077e-01
   5.3500077e-01
   5.3515935e-01
   5.3515935e-01
   5.3630273e-01
   5.3744612e-01
   5.3973288e-01
   5.4051187e-01
   5.4051187e-01
   5.4204721e-01
   5.4204721e-01
   5.4358255e-01
   5.4511790e-01
   5.4584954e-01
   5.4584954e-01
   5.4892023e-01
   5.4911027e-01
   5.4911027e-01
   5.5117601e-01
   5.5117601e-01
   5.5324174e-01
   5.5530747e-01
   5.5619590e-01
   5.5619590e-01
   5.5649437e-01
   5.5649437e-01
   5.5763775e-01
   5.5878113e-01
   5.6106789e-01
   5.6180154e-01
   5.6180154e-01
   5.6330309e-01
   5.6330309e-01
   5.6480464e-01
   5.6630618e-01
   5.6710419e-01
   5.6710419e-01
   5.7010728e-01
   5.7044134e-01
   5.7044134e-01
   5.7240634e-01
   5.7240634e-01
   5.7437134e-01
   5.7633635e-01
   5.7761760e-01
   5.7761760e-01
   5.7771083e-01
   5.7771083e-01
   5.7885421e-01
   5.7999759e-01
   5.8228435e-01
   5.8301109e-01
   5.8301109e-01
   5.8482634e-01
   5.8482634e-01
   5.8664159e-01
   5.8831751e-01
   5.8831751e-01
   5.9013277e-01
   5.9194802e-01
   5.9208282e-01
   5.9208282e-01
   5.9363333e-01
   5.9363333e-01
   5.9518384e-01
   5.9673435e-01
   5.9895872e-01
   5.9895872e-01
   5.9939042e-01
   5.9939042e-01
   6.0053380e-01
   6.0167718e-01
   6.0396395e-01
   6.0428880e-01
   6.0428880e-01
   6.0674562e-01
   6.0674562e-01
   6.0920243e-01
   6.0963519e-01
   6.0963519e-01
   6.1209201e-01
   6.1416654e-01
   6.1416654e-01
   6.1500065e-01
   6.1500065e-01
   6.1614404e-01
   6.1728742e-01
   6.1957418e-01
   6.2037908e-01
   6.2037908e-01
   6.2164807e-01
   6.2164807e-01
   6.2291706e-01
   6.2418604e-01
   6.2577507e-01
   6.2577507e-01
   6.2831304e-01
   6.2919979e-01
   6.2919979e-01
   6.3119726e-01
   6.3119726e-01
   6.3319473e-01
   6.3519220e-01
   6.3664712e-01
   6.3664712e-01
   6.3683500e-01
   6.3683500e-01
   6.3797838e-01
   6.3912176e-01
   6.4140852e-01
   6.4211219e-01
   6.4211219e-01
   6.4454028e-01
   6.4454028e-01
   6.4696838e-01
   6.4761092e-01
   6.4761092e-01
   6.5003901e-01
   6.5234554e-01
   6.5234554e-01
   6.5314649e-01
   6.5314649e-01
   6.5428987e-01
   6.5543326e-01
   6.5772002e-01
   6.5870825e-01
   6.5870825e-01
   6.6024014e-01
   6.6024014e-01
   6.6177202e-01
   6.6330391e-01
   6.6430454e-01
   6.6430454e-01
   6.6736831e-01
   6.6824071e-01
   6.6824071e-01
   6.6994610e-01
   6.6994610e-01
   6.7165148e-01
   6.7335687e-01
   6.7562924e-01
   6.7562924e-01
   6.7635738e-01
   6.7635738e-01
   6.7750076e-01
   6.7864415e-01
   6.8093091e-01
   6.8134607e-01
   6.8134607e-01
   6.8458446e-01
   6.8458446e-01
   6.8711755e-01
   6.8711755e-01
   6.8965064e-01
   6.9218373e-01
   6.9294774e-01
   6.9294774e-01
   6.9295822e-01
   6.9295822e-01
   6.9410160e-01
   6.9524498e-01
   6.9753174e-01
   6.9881084e-01
   6.9881084e-01
   7.0144805e-01
   7.0144805e-01
   7.0408525e-01
   7.0473926e-01
   7.0473926e-01
   7.0737647e-01
   7.1001367e-01
   7.1010872e-01
   7.1010872e-01
   7.1073792e-01
   7.1073792e-01
   7.1188130e-01
   7.1302468e-01
   7.1531144e-01
   7.1678466e-01
   7.1678466e-01
   7.1891602e-01
   7.1891602e-01
   7.2104738e-01
   7.2290124e-01
   7.2290124e-01
   7.2503260e-01
   7.2716396e-01
   7.2791082e-01
   7.2791082e-01
   7.2910153e-01
   7.2910153e-01
   7.3029223e-01
   7.3148294e-01
   7.3386435e-01
   7.3536726e-01
   7.3536726e-01
   7.3708816e-01
   7.3708816e-01
   7.3880907e-01
   7.4052997e-01
   7.4170900e-01
   7.4170900e-01
   7.4515081e-01
   7.4647452e-01
   7.4647452e-01
   7.4815067e-01
   7.4815067e-01
   7.4982683e-01
   7.5150298e-01
   7.5467762e-01
   7.5467762e-01
   7.5608567e-01
   7.5608567e-01
   7.5749372e-01
   7.5890178e-01
   7.6128937e-01
   7.6128937e-01
   7.6410547e-01
   7.6593446e-01
   7.6593446e-01
   7.6802104e-01
   7.6802104e-01
   7.7010763e-01
   7.7219422e-01
   7.7486109e-01
   7.7486109e-01
   7.7605859e-01
   7.7605859e-01
   7.7725610e-01
   7.7845361e-01
   7.8084862e-01
   7.8179853e-01
   7.8179853e-01
   7.8645904e-01
   7.8645904e-01
   7.8888121e-01
   7.8888121e-01
   7.9130338e-01
   7.9372556e-01
   7.9609975e-01
   7.9609975e-01
   7.9719653e-01
   7.9719653e-01
   7.9833991e-01
   7.9948329e-01
   8.0177005e-01
   8.0343395e-01
   8.0343395e-01
   8.0800748e-01
   8.0826346e-01
   8.0826346e-01
   8.1094631e-01
   8.1094631e-01
   8.1362916e-01
   8.1631202e-01
   8.1862824e-01
   8.1862824e-01
   8.1974460e-01
   8.1974460e-01
   8.2088798e-01
   8.2203136e-01
   8.2431812e-01
   8.2645258e-01
   8.2645258e-01
   8.3102611e-01
   8.3162945e-01
   8.3162945e-01
   8.3449932e-01
   8.3449932e-01
   8.3736919e-01
   8.4023906e-01
   8.4275848e-01
   8.4275848e-01
   8.4402786e-01
   8.4402786e-01
   8.4529724e-01
   8.4656663e-01
   8.4910540e-01
   8.5119999e-01
   8.5119999e-01
   8.5627753e-01
   8.5693586e-01
   8.5693586e-01
   8.5992555e-01
   8.5992555e-01
   8.6291524e-01
   8.6590492e-01
   8.6892066e-01
   8.6892066e-01
   8.7048968e-01
   8.7048968e-01
   8.7205869e-01
   8.7362771e-01
   8.7676575e-01
   8.7815915e-01
   8.7815915e-01
   8.8443523e-01
   8.8470697e-01
   8.8470697e-01
   8.8777135e-01
   8.8777135e-01
   8.9083573e-01
   8.9390011e-01
   8.9773437e-01
   8.9773437e-01
   8.9975296e-01
   8.9975296e-01
   9.0177156e-01
   9.0379016e-01
   9.0782735e-01
   9.0803669e-01
   9.0803669e-01
   9.1568915e-01
   9.1568915e-01
   9.1884966e-01
   9.1884966e-01
   9.2201017e-01
   9.2517068e-01
   9.3013956e-01
   9.3013956e-01
   9.3271634e-01
   9.3271634e-01
   9.3529312e-01
   9.3786990e-01
   9.4192403e-01
   9.4192403e-01
   9.4707759e-01
   9.5096345e-01
   9.5096345e-01
   9.5443904e-01
   9.5443904e-01
   9.5791464e-01
   9.6139023e-01
   9.6765009e-01
   9.6765009e-01
   9.7068352e-01
   9.7068352e-01
   9.7371696e-01
   9.7675040e-01
   9.8160984e-01
   9.8160984e-01
   9.8767672e-01
   9.9204994e-01
   9.9204994e-01
   9.9666231e-01
   9.9666231e-01
   1.0012747e+00
   1.0058870e+00
   1.0128357e+00
   1.0128357e+00
   1.0153931e+00
   1.0153931e+00
   1.0179505e+00
   1.0205080e+00
   1.0256228e+00
   1.0301327e+00
   1.0301327e+00
   1.0403624e+00
   1.0406425e+00
   1.0406425e+00
   1.0490390e+00
   1.0490390e+00
   1.0574354e+00
   1.0658319e+00
   1.0679850e+00
   1.0679850e+00
   1.0696737e+00
   1.0696737e+00
   1.0713624e+00
   1.0730511e+00
   1.0764284e+00
   1.0831831e+00
   1.0917422e+00
   1.0917422e+00
   1.0965256e+00
   1.0965256e+00
   1.1013090e+00
   1.1060924e+00
   1.1152066e+00
   1.1152066e+00
   1.1247734e+00
   1.1254342e+00
   1.1254342e+00
   1.1350010e+00
   1.1394646e+00
   1.1394646e+00
   1.1490315e+00
   1.1536600e+00
   1.1536600e+00
   1.1632268e+00
   1.1636070e+00
   1.1636070e+00
   1.1731738e+00
   1.1806756e+00
   1.1806756e+00
   1.1869042e+00
   1.1869042e+00
   1.1931327e+00
   1.1993613e+00
   1.2063894e+00
   1.2063894e+00
   1.2090139e+00
   1.2090139e+00
   1.2116384e+00
   1.2142629e+00
   1.2195119e+00
   1.2299313e+00
   1.2299313e+00
   1.2309329e+00
   1.2309329e+00
   1.2320763e+00
   1.2332196e+00
   1.2355064e+00
   1.2400799e+00
   1.2492270e+00
   1.2497982e+00
   1.2497982e+00
   1.2544880e+00
   1.2544880e+00
   1.2591778e+00
   1.2638675e+00
   1.2686751e+00
   1.2686751e+00
   1.2770302e+00
   1.2770302e+00
   1.2853854e+00
   1.2867195e+00
   1.2867195e+00
   1.2950746e+00
   1.2987368e+00
   1.2987368e+00
   1.3040670e+00
   1.3040670e+00
   1.3093971e+00
   1.3147273e+00
   1.3197614e+00
   1.3197614e+00
   1.3208311e+00
   1.3208311e+00
   1.3219745e+00
   1.3231179e+00
   1.3254047e+00
   1.3299782e+00
   1.3371407e+00
   1.3371407e+00
   1.3402950e+00
   1.3402950e+00
   1.3434494e+00
   1.3466038e+00
   1.3529125e+00
   1.3530289e+00
   1.3530289e+00
   1.3603662e+00
   1.3603662e+00
   1.3677035e+00
   1.3685526e+00
   1.3685526e+00
   1.3758899e+00
   1.3800485e+00
   1.3800485e+00
   1.3837734e+00
   1.3837734e+00
   1.3874983e+00
   1.3912232e+00
   1.3986730e+00
   1.3987456e+00
   1.3987456e+00
   1.3994345e+00
   1.3994345e+00
   1.4005779e+00
   1.4017213e+00
   1.4040081e+00
   1.4085816e+00
   1.4135149e+00
   1.4135149e+00
   1.4186080e+00
   1.4186080e+00
   1.4237011e+00
   1.4281009e+00
   1.4281009e+00
   1.4331940e+00
   1.4375976e+00
   1.4375976e+00
   1.4425416e+00
   1.4425416e+00
   1.4474855e+00
   1.4524295e+00
   1.4564657e+00
   1.4564657e+00
   1.4568701e+00
   1.4568701e+00
   1.4580134e+00
   1.4591568e+00
   1.4614436e+00
   1.4660171e+00
   1.4711027e+00
   1.4711027e+00
   1.4752536e+00
   1.4752536e+00
   1.4794045e+00
   1.4835554e+00
   1.4852678e+00
   1.4852678e+00
   1.4935696e+00
   1.4940127e+00
   1.4940127e+00
   1.4993934e+00
   1.4993934e+00
   1.5047742e+00
   1.5101549e+00
   1.5127936e+00
   1.5127936e+00
   1.5135048e+00
   1.5135048e+00
   1.5146481e+00
   1.5157915e+00
   1.5180783e+00
   1.5226518e+00
   1.5275955e+00
   1.5275955e+00
   1.5316020e+00
   1.5316020e+00
   1.5356085e+00
   1.5396151e+00
   1.5417039e+00
   1.5417039e+00
   1.5497170e+00
   1.5505099e+00
   1.5505099e+00
   1.5558584e+00
   1.5558584e+00
   1.5612069e+00
   1.5665554e+00
   1.5695705e+00
   1.5695705e+00
   1.5700814e+00
   1.5700814e+00
   1.5712248e+00
   1.5723681e+00
   1.5746549e+00
   1.5792284e+00
   1.5843444e+00
   1.5843444e+00
   1.5887561e+00
   1.5887561e+00
   1.5931678e+00
   1.5975796e+00
   1.5987061e+00
   1.5987061e+00
   1.6075296e+00
   1.6081738e+00
   1.6081738e+00
   1.6131959e+00
   1.6131959e+00
   1.6182179e+00
   1.6232400e+00
   1.6278370e+00
   1.6278370e+00
   1.6278810e+00
   1.6278810e+00
   1.6290244e+00
   1.6301677e+00
   1.6324545e+00
   1.6370280e+00
   1.6425737e+00
   1.6425737e+00
   1.6478097e+00
   1.6478097e+00
   1.6530457e+00
   1.6575035e+00
   1.6575035e+00
   1.6627395e+00
   1.6679755e+00
   1.6681334e+00
   1.6681334e+00
   1.6726541e+00
   1.6726541e+00
   1.6771747e+00
   1.6816954e+00
   1.6880385e+00
   1.6880385e+00
   1.6888876e+00
   1.6888876e+00
   1.6900309e+00
   1.6911743e+00
   1.6934611e+00
   1.6980346e+00
   1.7036069e+00
   1.7036069e+00
   1.7100172e+00
   1.7100172e+00
   1.7164275e+00
   1.7194798e+00
   1.7194798e+00
   1.7258900e+00
   1.7317389e+00
   1.7317389e+00
   1.7356941e+00
   1.7356941e+00
   1.7396493e+00
   1.7436045e+00
   1.7515149e+00
   1.7522462e+00
   1.7522462e+00
   1.7540684e+00
   1.7540684e+00
   1.7558906e+00
   1.7577128e+00
   1.7613572e+00
   1.7686461e+00
   1.7691126e+00
   1.7691126e+00
   1.7769991e+00
   1.7769991e+00
   1.7848857e+00
   1.7864424e+00
   1.7864424e+00
   1.7943289e+00
   1.8008050e+00
   1.8008050e+00
   1.8042925e+00
   1.8042925e+00
   1.8077800e+00
   1.8112676e+00
   1.8182426e+00
   1.8226376e+00
   1.8226376e+00
   1.8254781e+00
   1.8254781e+00
   1.8283185e+00
   1.8311590e+00
   1.8368400e+00
   1.8415055e+00
   1.8415055e+00
   1.8511056e+00
   1.8511056e+00
   1.8607057e+00
   1.8610951e+00
   1.8610951e+00
   1.8706952e+00
   1.8780607e+00
   1.8780607e+00
   1.8815065e+00
   1.8815065e+00
   1.8849523e+00
   1.8883981e+00
   1.8952898e+00
   1.9027047e+00
   1.9027047e+00
   1.9063344e+00
   1.9063344e+00
   1.9099640e+00
   1.9135936e+00
   1.9208529e+00
   1.9247927e+00
   1.9247927e+00
   1.9361525e+00
   1.9361525e+00
   1.9475123e+00
   1.9480870e+00
   1.9480870e+00
   1.9594469e+00
   1.9681112e+00
   1.9681112e+00
   1.9727953e+00
   1.9727953e+00
   1.9774795e+00
   1.9821636e+00
   1.9915318e+00
   1.9989773e+00
   1.9989773e+00
   2.0023510e+00
   2.0023510e+00
   2.0057248e+00
   2.0090985e+00
   2.0158460e+00
   2.0267840e+00
   2.0267840e+00
   2.0391827e+00
   2.0391827e+00
   2.0515814e+00
   2.0568955e+00
   2.0568955e+00
   2.0692942e+00
   2.0798190e+00
   2.0798190e+00
   2.0898376e+00
   2.0898376e+00
   2.0998561e+00
   2.1098746e+00
   2.1252144e+00
   2.1252144e+00
   2.1263048e+00
   2.1263048e+00
   2.1274482e+00
   2.1285916e+00
   2.1308783e+00
   2.1354519e+00
   2.1445989e+00
   2.1628930e+00
   2.1663226e+00
   2.1663226e+00
   2.1752943e+00
   2.1752943e+00
   2.1842660e+00
   2.1932376e+00
   2.2111810e+00
   2.2115223e+00
   2.2115223e+00
   2.2325316e+00
   2.2325316e+00
   2.2535410e+00
   2.2631639e+00
   2.2631639e+00
   2.2841732e+00
   2.2983368e+00
   2.2983368e+00
   2.3193462e+00
   2.3217372e+00
   2.3217372e+00
   2.3427465e+00
   2.3637558e+00
   2.3722378e+00
   2.3722378e+00
   2.3854009e+00
   2.3854009e+00
   2.3985641e+00
   2.4117272e+00
   2.4380535e+00
   2.4497588e+00
   2.4497588e+00
   2.4504745e+00
   2.4504745e+00
   2.4516179e+00
   2.4527613e+00
   2.4550480e+00
   2.4596216e+00
   2.4687686e+00
   2.4870627e+00
   2.5124720e+00
   2.5124720e+00
   2.5291221e+00
   2.5291221e+00
   2.5457722e+00
   2.5624223e+00
   2.5718898e+00
   2.5718898e+00
   2.6046766e+00
   2.6046766e+00
   2.6290043e+00
   2.6290043e+00
   2.6533319e+00
   2.6776596e+00
   2.6785847e+00
   2.6785847e+00
   2.6848293e+00
   2.6848293e+00
   2.6910740e+00
   2.6973187e+00
   2.7098080e+00
   2.7347867e+00
   2.7403877e+00
   2.7403877e+00
   2.7523305e+00
   2.7523305e+00
   2.7642733e+00
   2.7762160e+00
   2.7960545e+00
   2.7960545e+00
   2.8199400e+00
   2.8265493e+00
   2.8265493e+00
   2.8504348e+00
   2.8526191e+00
   2.8526191e+00
   2.8765046e+00
   2.9003901e+00
   2.9025920e+00
   2.9025920e+00
   2.9109579e+00
   2.9109579e+00
   2.9193238e+00
   2.9276898e+00
   2.9444216e+00
   2.9716701e+00
   2.9716701e+00
   2.9815043e+00
   2.9815043e+00
   2.9913386e+00
   3.0011728e+00
   3.0208413e+00
   3.0355526e+00
   3.0355526e+00
   3.0647329e+00
   3.0647329e+00
   3.0939133e+00
   3.1042131e+00
   3.1042131e+00
   3.1333934e+00
   3.1546774e+00
   3.1546774e+00
   3.1794291e+00
   3.1794291e+00
   3.2041808e+00
   3.2289325e+00
   3.2535664e+00
   3.2535664e+00
   3.2637778e+00
   3.2637778e+00
   3.2739891e+00
   3.2842004e+00
   3.3046231e+00
   3.3454685e+00
   3.3535664e+00
   3.3535664e+00
   3.3603907e+00
   3.3603907e+00
   3.3672149e+00
   3.3740392e+00
   3.3876877e+00
   3.4149846e+00
   3.4535664e+00
   3.4535664e+00
   3.4603907e+00
   3.4603907e+00
   3.4672149e+00
   3.4740392e+00
   3.4753335e+00
   3.4753335e+00
   3.4889820e+00
   3.5026305e+00
   3.5299275e+00
   3.5603907e+00
   3.5603907e+00
   3.5753335e+00
   3.5753335e+00
   3.5902763e+00
   3.6008898e+00
   3.6008898e+00
   3.6158326e+00
   3.6290196e+00
   3.6290196e+00
   3.6439624e+00
   3.6589052e+00
   3.6887909e+00
   3.7008898e+00
   3.7008898e+00
   3.7290196e+00
   3.7290196e+00
   3.7571494e+00
   3.7852792e+00
   3.8142690e+00
   3.8142690e+00
   3.8176586e+00
   3.8176586e+00
   3.8210483e+00
   3.8244380e+00
   3.8312173e+00
   3.8447760e+00
   3.8718933e+00
   3.9142690e+00
   3.9142690e+00
   3.9176586e+00
   3.9176586e+00
   3.9210483e+00
   3.9244380e+00
   3.9312173e+00
   3.9447760e+00
   3.9718933e+00
   4.0176586e+00
   4.0176586e+00
   4.0335090e+00
   4.0335090e+00
   4.0493595e+00
   4.0652099e+00
   4.0969107e+00
   4.1335090e+00
   4.1335090e+00
   4.1705088e+00
   4.1705088e+00
   4.2075086e+00
   4.2282846e+00
   4.2282846e+00
   4.2652844e+00
   4.3022842e+00
   4.3282846e+00
   4.3282846e+00
   4.3576504e+00
   4.3576504e+00
   4.3870161e+00
   4.4101373e+00
   4.4101373e+00
   4.4395030e+00
   4.4576504e+00
   4.4576504e+00
   4.4751305e+00
   4.4751305e+00
   4.4926106e+00
   4.5100907e+00
   4.5450510e+00
   4.5576504e+00
   4.5576504e+00
   4.5751305e+00
   4.5751305e+00
   4.5926106e+00
   4.6100907e+00
   4.6450510e+00
   4.6576504e+00
   4.6576504e+00
   4.6751305e+00
   4.6751305e+00
   4.6926106e+00
   4.7100907e+00
   4.7450510e+00
   4.7576504e+00
   4.7576504e+00
   4.7751305e+00
   4.7751305e+00
   4.7926106e+00
   4.8100907e+00
   4.8450510e+00
   4.8576504e+00
   4.8576504e+00
   4.8751305e+00
   4.8751305e+00
   4.8926106e+00
   4.9100907e+00
   4.9268824e+00
   4.9268824e+00
   4.9576504e+00
   4.9576504e+00
   4.9884184e+00
   5.0191864e+00
   5.0268824e+00
   5.0268824e+00
   5.0576504e+00
   5.0576504e+00
   5.0884184e+00
   5.1128824e+00
   5.1128824e+00
   5.1234924e+00
   5.1234924e+00
   5.1341025e+00
   5.1447126e+00
   5.1659328e+00
   5.2083732e+00
   5.2128824e+00
   5.2128824e+00
   5.2234924e+00
   5.2234924e+00
   5.2341025e+00
   5.2447126e+00
   5.2659328e+00
   5.3083732e+00
   5.3128824e+00
   5.3128824e+00
   5.3234924e+00
   5.3234924e+00
   5.3341025e+00
   5.3447126e+00
   5.3659328e+00
   5.4083732e+00
   5.4128824e+00
   5.4128824e+00
   5.4234924e+00
   5.4234924e+00
   5.4341025e+00
   5.4447126e+00
   5.4659328e+00
   5.5083732e+00
   5.5128824e+00
   5.5128824e+00
   5.5234924e+00
   5.5234924e+00
   5.5341025e+00
   5.5447126e+00
   5.5659328e+00
   5.5896645e+00
   5.5896645e+00
   5.6234924e+00
   5.6234924e+00
   5.6573204e+00
   5.6594185e+00
   5.6594185e+00
   5.6932464e+00
   5.7234924e+00
   5.7234924e+00
   5.7573204e+00
   5.7594185e+00
   5.7594185e+00
   5.7932464e+00
   5.8234924e+00
   5.8234924e+00
   5.8572808e+00
   5.8572808e+00
   5.8910691e+00
   5.9234924e+00
   5.9234924e+00
   5.9358438e+00
   5.9358438e+00
   5.9481952e+00
   5.9605465e+00
   5.9852492e+00
   6.0185170e+00
   6.0185170e+00
   6.0679224e+00
   6.1023831e+00
   6.1023831e+00
   6.1517885e+00
   6.1792984e+00
   6.1792984e+00
   6.2287038e+00
   6.2703040e+00
   6.2703040e+00
   6.3197094e+00
   6.3414229e+00
   6.3414229e+00
   6.3908283e+00
   6.4402337e+00
   6.4414229e+00
   6.4414229e+00
   6.5079746e+00
   6.5079746e+00
   6.5745262e+00
   6.5796762e+00
   6.5796762e+00
   6.6079746e+00
   6.6079746e+00
   6.6362729e+00
   6.6445710e+00
   6.6445710e+00
   6.6728694e+00
   6.6809106e+00
   6.6809106e+00
   6.7092090e+00
   6.7375074e+00
   6.7445710e+00
   6.7445710e+00
   6.7446801e+00
   6.7446801e+00
   6.7458234e+00
   6.7469668e+00
   6.7492536e+00
   6.7538271e+00
   6.7629742e+00
   6.7812683e+00
   6.8178565e+00
   6.8446801e+00
   6.8446801e+00
   6.8989215e+00
   6.8989215e+00
   6.9446801e+00
   6.9446801e+00
   6.9540036e+00
   6.9540036e+00
   6.9574530e+00
   6.9574530e+00
   6.9609024e+00
   6.9643519e+00
   6.9712508e+00
   6.9850485e+00
   7.0126440e+00
   7.0447443e+00
   7.0447443e+00
   7.0574530e+00
   7.0574530e+00
   7.0701617e+00
   7.0828705e+00
   7.1057279e+00
   7.1057279e+00
   7.1311454e+00
   7.1447443e+00
   7.1447443e+00
   7.1701617e+00
   7.1955792e+00
   7.2057279e+00
   7.2057279e+00
   7.2095968e+00
   7.2095968e+00
   7.2134656e+00
   7.2173345e+00
   7.2250722e+00
   7.2405476e+00
   7.2447443e+00
   7.2447443e+00
   7.2756951e+00
   7.2925115e+00
   7.2925115e+00
   7.3234623e+00
   7.3447443e+00
   7.3447443e+00
   7.3756951e+00
   7.3792750e+00
   7.3792750e+00
   7.4102258e+00
   7.4411766e+00
   7.4447443e+00
   7.4447443e+00
   7.4792750e+00
   7.4792750e+00
   7.4820318e+00
   7.4820318e+00
   7.4847886e+00
   7.4875454e+00
   7.4930590e+00
   7.5040861e+00
   7.5261405e+00
   7.5481687e+00
   7.5481687e+00
   7.5922773e+00
   7.6363860e+00
   7.6481687e+00
   7.6481687e+00
   7.6873621e+00
   7.6873621e+00
   7.7265556e+00
   7.7481687e+00
   7.7481687e+00
   7.7660861e+00
   7.7660861e+00
   7.7748953e+00
   7.7748953e+00
   7.7837044e+00
   7.7925136e+00
   7.8101320e+00
   7.8453687e+00
   7.8624346e+00
   7.8624346e+00
   7.8660861e+00
   7.8660861e+00
   7.8697375e+00
   7.8733890e+00
   7.8806919e+00
   7.8952978e+00
   7.9228055e+00
   7.9228055e+00
   7.9520172e+00
   7.9660861e+00
   7.9660861e+00
   7.9952978e+00
   8.0113567e+00
   8.0113567e+00
   8.0405684e+00
   8.0660861e+00
   8.0660861e+00
   8.0952978e+00
   8.1020391e+00
   8.1020391e+00
   8.1312507e+00
   8.1604624e+00
   8.1660861e+00
   8.1660861e+00
   8.1954172e+00
   8.1954172e+00
   8.2247484e+00
   8.2540795e+00
   8.2660861e+00
   8.2660861e+00
   8.2752905e+00
   8.2752905e+00
   8.2844949e+00
   8.2936994e+00
   8.3121082e+00
   8.3489259e+00
   8.3538050e+00
   8.3538050e+00
   8.3660861e+00
   8.3660861e+00
   8.3783671e+00
   8.3906482e+00
   8.4152103e+00
   8.4179550e+00
   8.4179550e+00
   8.4660861e+00
   8.4660861e+00
   8.5142171e+00
   8.5154455e+00
   8.5154455e+00
   8.5635765e+00
   8.5660861e+00
   8.5660861e+00
   8.5920104e+00
   8.5920104e+00
   8.6179347e+00
   8.6438590e+00
   8.6660861e+00
   8.6660861e+00
   8.6920104e+00
   8.6920104e+00
   8.7179347e+00
   8.7438590e+00
   8.7767331e+00
   8.7767331e+00
   8.8285817e+00
   8.8541703e+00
   8.8541703e+00
   8.9060189e+00
   8.9398087e+00
   8.9398087e+00
   8.9516075e+00
   8.9516075e+00
   8.9634063e+00
   8.9752050e+00
   8.9891717e+00
   8.9891717e+00
   8.9973838e+00
   8.9973838e+00
   9.0055958e+00
   9.0138078e+00
   9.0302318e+00
   9.0630798e+00
   9.0891717e+00
   9.0891717e+00
   9.0973838e+00
   9.0973838e+00
   9.1055958e+00
   9.1138078e+00
   9.1302318e+00
   9.1630798e+00
   9.1684552e+00
   9.1684552e+00
   9.1891717e+00
   9.1891717e+00
   9.2098883e+00
   9.2306048e+00
   9.2477705e+00
   9.2477705e+00
   9.2891717e+00
   9.2891717e+00
   9.3224825e+00
   9.3224825e+00
   9.3557933e+00
   9.3891040e+00
   9.3891717e+00
   9.3891717e+00
   9.4224825e+00
   9.4224825e+00
   9.4557933e+00
   9.4891040e+00
   9.4891717e+00
   9.4891717e+00
   9.5199923e+00
   9.5199923e+00
   9.5508129e+00
   9.5816334e+00
   9.5891717e+00
   9.5891717e+00
   9.5900096e+00
   9.5900096e+00
   9.5911530e+00
   9.5922964e+00
   9.5945831e+00
   9.5991567e+00
   9.6083037e+00
   9.6265978e+00
   9.6631860e+00
   9.6705104e+00
   9.6705104e+00
   9.6891717e+00
   9.6891717e+00
   9.7078331e+00
   9.7264944e+00
   9.7326306e+00
   9.7326306e+00
   9.7699533e+00
   9.7891717e+00
   9.7891717e+00
   9.8264944e+00
   9.8326306e+00
   9.8326306e+00
   9.8699533e+00
   9.8891717e+00
   9.8891717e+00
   9.9264944e+00
   9.9326306e+00
   9.9326306e+00
   9.9699533e+00
   1.0000331e+01
   1.0000331e+01
   1.0032631e+01
   1.0032631e+01
   1.0034147e+01
   1.0034147e+01
   1.0035664e+01
   1.0037180e+01
   1.0040214e+01
   1.0046280e+01
   1.0058413e+01
   1.0069810e+01
   1.0069810e+01
   1.0085459e+01
   1.0085459e+01
   1.0101107e+01
   1.0116755e+01
   1.0148052e+01
   1.0169810e+01
   1.0169810e+01
   1.0185459e+01
   1.0185459e+01
   1.0201107e+01
   1.0216755e+01
   1.0243794e+01
   1.0243794e+01
   1.0269810e+01
   1.0269810e+01
   1.0295826e+01
   1.0321842e+01
   1.0341963e+01
   1.0341963e+01
   1.0369810e+01
   1.0369810e+01
   1.0397657e+01
   1.0403178e+01
   1.0403178e+01
   1.0431025e+01
   1.0458872e+01
   1.0469810e+01
   1.0469810e+01
   1.0503178e+01
   1.0503178e+01
   1.0536546e+01
   1.0565566e+01
   1.0565566e+01
   1.0598934e+01
   1.0603178e+01
   1.0603178e+01
   1.0636546e+01
   1.0642713e+01
   1.0642713e+01
   1.0676081e+01
   1.0703178e+01
   1.0703178e+01
   1.0736546e+01
   1.0742713e+01
   1.0742713e+01
   1.0776081e+01
   1.0785825e+01
   1.0785825e+01
   1.0819193e+01
   1.0842713e+01
   1.0842713e+01
   1.0855002e+01
   1.0855002e+01
   1.0867290e+01
   1.0879579e+01
   1.0904157e+01
   1.0953312e+01
   1.0955002e+01
   1.0955002e+01
   1.1025697e+01
   1.1025697e+01
   1.1096393e+01
   1.1124020e+01
   1.1124020e+01
   1.1180051e+01
   1.1180051e+01
   1.1222824e+01
   1.1222824e+01
   1.1237423e+01
   1.1237423e+01
   1.1252022e+01
   1.1266621e+01
   1.1292873e+01
   1.1292873e+01
   1.1322071e+01
   1.1337423e+01
   1.1337423e+01
   1.1362450e+01
   1.1362450e+01
   1.1387477e+01
   1.1412504e+01
   1.1437423e+01
   1.1437423e+01
   1.1462450e+01
   1.1462450e+01
   1.1487477e+01
   1.1512504e+01
   1.1537423e+01
   1.1537423e+01
   1.1562450e+01
   1.1562450e+01
   1.1587477e+01
   1.1612504e+01
   1.1637423e+01
   1.1637423e+01
   1.1661291e+01
   1.1661291e+01
   1.1685159e+01
   1.1709027e+01
   1.1719068e+01
   1.1719068e+01
   1.1737423e+01
   1.1737423e+01
   1.1755778e+01
   1.1774133e+01
   1.1810843e+01
   1.1819068e+01
   1.1819068e+01
   1.1852115e+01
   1.1852115e+01
   1.1885162e+01
   1.1918209e+01
   1.1919068e+01
   1.1919068e+01
   1.1944513e+01
   1.1944513e+01
   1.1969958e+01
   1.1995403e+01
   1.2004669e+01
   1.2004669e+01
   1.2044513e+01
   1.2044513e+01
   1.2077816e+01
   1.2077816e+01
   1.2111120e+01
   1.2144423e+01
   1.2144513e+01
   1.2144513e+01
   1.2177816e+01
   1.2177816e+01
   1.2192422e+01
   1.2192422e+01
   1.2207028e+01
   1.2221633e+01
   1.2244513e+01
   1.2244513e+01
   1.2252566e+01
   1.2252566e+01
   1.2260620e+01
   1.2268673e+01
   1.2284780e+01
   1.2316993e+01
   1.2344513e+01
   1.2344513e+01
   1.2352566e+01
   1.2352566e+01
   1.2360620e+01
   1.2368673e+01
   1.2384780e+01
   1.2416993e+01
   1.2432713e+01
   1.2432713e+01
   1.2497140e+01
   1.2517263e+01
   1.2517263e+01
   1.2581690e+01
   1.2594854e+01
   1.2594854e+01
   1.2624907e+01
   1.2624907e+01
   1.2654959e+01
   1.2685012e+01
   1.2692406e+01
   1.2692406e+01
   1.2694854e+01
   1.2694854e+01
   1.2697303e+01
   1.2699752e+01
   1.2704649e+01
   1.2714444e+01
   1.2734033e+01
   1.2773212e+01
   1.2792406e+01
   1.2792406e+01
   1.2794854e+01
   1.2794854e+01
   1.2797303e+01
   1.2799752e+01
   1.2804649e+01
   1.2814444e+01
   1.2834033e+01
   1.2873212e+01
   1.2894854e+01
   1.2894854e+01
   1.2973212e+01
   1.2974065e+01
   1.2974065e+01
   1.2994854e+01
   1.2994854e+01
   1.3015644e+01
   1.3028294e+01
   1.3028294e+01
   1.3049083e+01
   1.3069873e+01
   1.3074544e+01
   1.3074544e+01
   1.3116122e+01
   1.3124129e+01
   1.3124129e+01
   1.3128294e+01
   1.3128294e+01
   1.3132459e+01
   1.3136624e+01
   1.3144955e+01
   1.3161615e+01
   1.3194936e+01
   1.3217506e+01
   1.3217506e+01
   1.3224129e+01
   1.3224129e+01
   1.3230752e+01
   1.3237376e+01
   1.3250622e+01
   1.3277115e+01
   1.3317506e+01
   1.3317506e+01
   1.3324129e+01
   1.3324129e+01
   1.3330752e+01
   1.3337376e+01
   1.3350622e+01
   1.3369261e+01
   1.3369261e+01
   1.3395754e+01
   1.3417756e+01
   1.3417756e+01
   1.3444249e+01
   1.3470742e+01
   1.3517756e+01
   1.3517756e+01
   1.3570742e+01
   1.3617756e+01
   1.3617756e+01
   1.3670742e+01
   1.3723728e+01
   1.3762498e+01
   1.3762498e+01
   1.3788550e+01
   1.3788550e+01
   1.3814602e+01
   1.3820262e+01
   1.3820262e+01
   1.3841657e+01
   1.3841657e+01
   1.3863052e+01
   1.3884447e+01
   1.3920262e+01
   1.3920262e+01
   1.3941657e+01
   1.3941657e+01
   1.3949630e+01
   1.3949630e+01
   1.3957603e+01
   1.3965576e+01
   1.3981523e+01
   1.4013416e+01
   1.4049630e+01
   1.4049630e+01
   1.4056507e+01
   1.4056507e+01
   1.4063384e+01
   1.4070261e+01
   1.4084015e+01
   1.4111523e+01
   1.4156507e+01
   1.4156507e+01
   1.4201258e+01
   1.4201258e+01
   1.4246009e+01
   1.4250546e+01
   1.4250546e+01
   1.4256507e+01
   1.4256507e+01
   1.4262468e+01
   1.4268429e+01
   1.4280350e+01
   1.4304194e+01
   1.4350546e+01
   1.4350546e+01
   1.4398233e+01
   1.4428062e+01
   1.4428062e+01
   1.4432792e+01
   1.4432792e+01
   1.4437521e+01
   1.4442251e+01
   1.4451710e+01
   1.4470628e+01
   1.4508463e+01
   1.4517993e+01
   1.4517993e+01
   1.4532792e+01
   1.4532792e+01
   1.4547591e+01
   1.4562390e+01
   1.4591988e+01
   1.4617993e+01
   1.4617993e+01
   1.4632792e+01
   1.4632792e+01
   1.4647591e+01
   1.4662390e+01
   1.4691988e+01
   1.4751184e+01
   1.4869576e+01
   1.5000000e+01
