   0.0000000e+00
   1.2862133e-04
   7.7172795e-04
   8.3400227e-04
   8.3400227e-04
   1.2551674e-03
   1.2551674e-03
   1.6887305e-03
   1.6887305e-03
   2.5214185e-03
   2.5214185e-03
   2.5649062e-03
   2.5649062e-03
   3.4196345e-03
   3.4614548e-03
   3.4614548e-03
   3.7968826e-03
   3.7968826e-03
   4.3807251e-03
   4.3807251e-03
   5.0849076e-03
   5.0849076e-03
   5.3237858e-03
   5.3237858e-03
   6.1785140e-03
   6.2909677e-03
   6.2909677e-03
   6.3859459e-03
   6.3859459e-03
   7.2406742e-03
   7.2823695e-03
   7.2823695e-03
   7.6997946e-03
   7.6997946e-03
   8.3003273e-03
   8.3003273e-03
   9.0293409e-03
   9.0293409e-03
   9.3458818e-03
   9.3458818e-03
   1.0200610e-02
   1.0375518e-02
   1.0375518e-02
   1.0420137e-02
   1.0420137e-02
   1.1274865e-02
   1.1522871e-02
   1.1522871e-02
   1.1737466e-02
   1.1737466e-02
   1.2592194e-02
   1.2656443e-02
   1.2656443e-02
   1.3117706e-02
   1.3117706e-02
   1.3822470e-02
   1.3822470e-02
   1.4517638e-02
   1.4517638e-02
   1.5022376e-02
   1.5022376e-02
   1.5877105e-02
   1.5938314e-02
   1.5938314e-02
   1.6257688e-02
   1.6257688e-02
   1.7112416e-02
   1.7380828e-02
   1.7380828e-02
   1.7530042e-02
   1.7530042e-02
   1.8384770e-02
   1.8841162e-02
   1.8841162e-02
   1.8846272e-02
   1.8846272e-02
   1.9701000e-02
   2.0191963e-02
   2.0191963e-02
   2.0334677e-02
   2.0334677e-02
   2.1189405e-02
   2.1585606e-02
   2.1585606e-02
   2.1848614e-02
   2.1848614e-02
   2.2703343e-02
   2.3024335e-02
   2.3024335e-02
   2.3389389e-02
   2.3389389e-02
   2.4244117e-02
   2.4510590e-02
   2.4510590e-02
   2.4958369e-02
   2.4958369e-02
   2.5813097e-02
   2.6047035e-02
   2.6047035e-02
   2.6556995e-02
   2.6556995e-02
   2.7411723e-02
   2.7636588e-02
   2.7636588e-02
   2.8186786e-02
   2.8186786e-02
   2.9041515e-02
   2.9282456e-02
   2.9282456e-02
   2.9849352e-02
   2.9849352e-02
   3.0704080e-02
   3.0988180e-02
   3.0988180e-02
   3.1546399e-02
   3.1546399e-02
   3.2401127e-02
   3.2757683e-02
   3.2757683e-02
   3.3279741e-02
   3.3279741e-02
   3.4134469e-02
   3.4595329e-02
   3.4595329e-02
   3.5051320e-02
   3.5051320e-02
   3.5906048e-02
   3.6506002e-02
   3.6506002e-02
   3.6863212e-02
   3.6863212e-02
   3.7717941e-02
   3.8495192e-02
   3.8495192e-02
   3.8717656e-02
   3.8717656e-02
   3.9572384e-02
   4.0427113e-02
   4.0569109e-02
   4.0569109e-02
   4.0617069e-02
   4.0617069e-02
   4.1471797e-02
   4.2326525e-02
   4.2562097e-02
   4.2562097e-02
   4.2732787e-02
   4.2732787e-02
   4.3587515e-02
   4.4442243e-02
   4.4556317e-02
   4.4556317e-02
   4.4995006e-02
   4.4995006e-02
   4.5849735e-02
   4.6603272e-02
   4.6603272e-02
   4.7365499e-02
   4.7365499e-02
   4.8220227e-02
   4.8706256e-02
   4.8706256e-02
   4.9560984e-02
   4.9854932e-02
   4.9854932e-02
   5.0709660e-02
   5.0868910e-02
   5.0868910e-02
   5.1723638e-02
   5.2475828e-02
   5.2475828e-02
   5.3095294e-02
   5.3095294e-02
   5.3950022e-02
   5.4804750e-02
   5.5243050e-02
   5.5243050e-02
   5.5389970e-02
   5.5389970e-02
   5.6244698e-02
   5.7099426e-02
   5.7752098e-02
   5.7752098e-02
   5.8167697e-02
   5.8167697e-02
   5.9022425e-02
   5.9877154e-02
   6.0189256e-02
   6.0189256e-02
   6.1273271e-02
   6.1273271e-02
   6.2357285e-02
   6.2709708e-02
   6.2709708e-02
   6.3793722e-02
   6.4588182e-02
   6.4588182e-02
   6.5320680e-02
   6.5320680e-02
   6.6175408e-02
   6.7030136e-02
   6.8028761e-02
   6.8028761e-02
   6.8142980e-02
   6.8142980e-02
   6.8997708e-02
   6.9852436e-02
   7.0829435e-02
   7.0829435e-02
   7.1962328e-02
   7.1962328e-02
   7.3095222e-02
   7.3745239e-02
   7.3745239e-02
   7.4878132e-02
   7.6011026e-02
   7.6113948e-02
   7.6113948e-02
   7.6789309e-02
   7.6789309e-02
   7.7644037e-02
   7.8498765e-02
   7.9963426e-02
   7.9963426e-02
   8.0652412e-02
   8.0652412e-02
   8.1507140e-02
   8.2361868e-02
   8.3277563e-02
   8.3277563e-02
   8.4987020e-02
   8.5666418e-02
   8.5666418e-02
   8.6767422e-02
   8.6767422e-02
   8.7868427e-02
   8.8969431e-02
   9.0440902e-02
   9.0440902e-02
   9.1288681e-02
   9.1288681e-02
   9.2143409e-02
   9.2998137e-02
   9.4307573e-02
   9.4307573e-02
   9.6017030e-02
   9.7704431e-02
   9.7704431e-02
   9.8438591e-02
   9.8438591e-02
   9.9293319e-02
   1.0014805e-01
   1.0185750e-01
   1.0281814e-01
   1.0281814e-01
   1.0520044e-01
   1.0520044e-01
   1.0753084e-01
   1.0753084e-01
   1.0986124e-01
   1.1219164e-01
   1.1264662e-01
   1.1264662e-01
   1.1433403e-01
   1.1433403e-01
   1.1602144e-01
   1.1770886e-01
   1.1819053e-01
   1.1819053e-01
   1.2156535e-01
   1.2439650e-01
   1.2439650e-01
   1.2614466e-01
   1.2614466e-01
   1.2789282e-01
   1.2964098e-01
   1.3125368e-01
   1.3125368e-01
   1.3474999e-01
   1.3824631e-01
   1.3926245e-01
   1.3926245e-01
   1.4295492e-01
   1.4295492e-01
   1.4664740e-01
   1.4856022e-01
   1.4856022e-01
   1.5225270e-01
   1.5594517e-01
   1.6004961e-01
   1.6004961e-01
   1.6684242e-01
   1.6684242e-01
   1.7363522e-01
   1.7435366e-01
   1.7435366e-01
   1.8114646e-01
   1.8473588e-01
   1.8473588e-01
   1.9110701e-01
   1.9110701e-01
   1.9747813e-01
   1.9906589e-01
   1.9906589e-01
   2.0543702e-01
   2.0709376e-01
   2.0709376e-01
   2.1167458e-01
   2.1167458e-01
   2.1625541e-01
   2.2065082e-01
   2.2065082e-01
   2.2328093e-01
   2.2328093e-01
   2.2591103e-01
   2.2854114e-01
   2.3244097e-01
   2.3244097e-01
   2.3415508e-01
   2.3415508e-01
   2.3586919e-01
   2.3758330e-01
   2.4101152e-01
   2.4306774e-01
   2.4306774e-01
   2.4447339e-01
   2.4447339e-01
   2.4587905e-01
   2.4728470e-01
   2.5009602e-01
   2.5289057e-01
   2.5289057e-01
   2.5436710e-01
   2.5436710e-01
   2.5584363e-01
   2.5732016e-01
   2.6027322e-01
   2.6213057e-01
   2.6213057e-01
   2.6393427e-01
   2.6393427e-01
   2.6573797e-01
   2.6754168e-01
   2.7093270e-01
   2.7093270e-01
   2.7324943e-01
   2.7324943e-01
   2.7556616e-01
   2.7788288e-01
   2.7939751e-01
   2.7939751e-01
   2.8237053e-01
   2.8237053e-01
   2.8534354e-01
   2.8759806e-01
   2.8759806e-01
   2.9057107e-01
   2.9134380e-01
   2.9134380e-01
   2.9431682e-01
   2.9558948e-01
   2.9558948e-01
   2.9856250e-01
   3.0020705e-01
   3.0020705e-01
   3.0318006e-01
   3.0341480e-01
   3.0341480e-01
   3.0638782e-01
   3.0899191e-01
   3.0899191e-01
   3.1110852e-01
   3.1110852e-01
   3.1322513e-01
   3.1534174e-01
   3.1772551e-01
   3.1772551e-01
   3.1869900e-01
   3.1869900e-01
   3.1967250e-01
   3.2064600e-01
   3.2259300e-01
   3.2620996e-01
   3.2620996e-01
   3.2643173e-01
   3.2643173e-01
   3.2728646e-01
   3.2814119e-01
   3.2985065e-01
   3.3326956e-01
   3.3366030e-01
   3.3366030e-01
   3.3513089e-01
   3.3513089e-01
   3.3660147e-01
   3.3807206e-01
   3.4101323e-01
   3.4106795e-01
   3.4106795e-01
   3.4384075e-01
   3.4384075e-01
   3.4661354e-01
   3.4844895e-01
   3.4844895e-01
   3.5122174e-01
   3.5257968e-01
   3.5257968e-01
   3.5535247e-01
   3.5581777e-01
   3.5581777e-01
   3.5859057e-01
   3.6136336e-01
   3.6136497e-01
   3.6136497e-01
   3.6318775e-01
   3.6318775e-01
   3.6501054e-01
   3.6683332e-01
   3.7021323e-01
   3.7021323e-01
   3.7057133e-01
   3.7057133e-01
   3.7142606e-01
   3.7228079e-01
   3.7399024e-01
   3.7740915e-01
   3.7797542e-01
   3.7797542e-01
   3.7913480e-01
   3.7913480e-01
   3.8029419e-01
   3.8145357e-01
   3.8377234e-01
   3.8541313e-01
   3.8541313e-01
   3.8814830e-01
   3.8814830e-01
   3.9088347e-01
   3.9289685e-01
   3.9289685e-01
   3.9563202e-01
   3.9727170e-01
   3.9727170e-01
   4.0000688e-01
   4.0043742e-01
   4.0043742e-01
   4.0317260e-01
   4.0590777e-01
   4.0652156e-01
   4.0652156e-01
   4.0804570e-01
   4.0804570e-01
   4.0956985e-01
   4.1109399e-01
   4.1414228e-01
   4.1573151e-01
   4.1573151e-01
   4.1591343e-01
   4.1591343e-01
   4.1676815e-01
   4.1762288e-01
   4.1933234e-01
   4.2275125e-01
   4.2349625e-01
   4.2349625e-01
   4.2545245e-01
   4.2545245e-01
   4.2740865e-01
   4.2936485e-01
   4.3136010e-01
   4.3136010e-01
   4.3517033e-01
   4.3517033e-01
   4.3898057e-01
   4.3933488e-01
   4.3933488e-01
   4.4314511e-01
   4.4508697e-01
   4.4508697e-01
   4.4743300e-01
   4.4743300e-01
   4.4977903e-01
   4.5212506e-01
   4.5522380e-01
   4.5522380e-01
   4.5566762e-01
   4.5566762e-01
   4.5652235e-01
   4.5737707e-01
   4.5908653e-01
   4.6250544e-01
   4.6403902e-01
   4.6403902e-01
   4.6558522e-01
   4.6558522e-01
   4.6713142e-01
   4.6867762e-01
   4.7177001e-01
   4.7256908e-01
   4.7256908e-01
   4.7620855e-01
   4.7620855e-01
   4.7984801e-01
   4.8127755e-01
   4.8127755e-01
   4.8491702e-01
   4.8712720e-01
   4.8712720e-01
   4.9018179e-01
   4.9018179e-01
   4.9323638e-01
   4.9629096e-01
   4.9837200e-01
   4.9837200e-01
   4.9930088e-01
   4.9930088e-01
   5.0022976e-01
   5.0115864e-01
   5.0301640e-01
   5.0673192e-01
   5.0864073e-01
   5.0864073e-01
   5.0995627e-01
   5.0995627e-01
   5.1127182e-01
   5.1258736e-01
   5.1521844e-01
   5.1822474e-01
   5.1822474e-01
   5.2192259e-01
   5.2192259e-01
   5.2562043e-01
   5.2808867e-01
   5.2808867e-01
   5.3178651e-01
   5.3433057e-01
   5.3433057e-01
   5.3802842e-01
   5.3826107e-01
   5.3826107e-01
   5.4195892e-01
   5.4565676e-01
   5.4723014e-01
   5.4723014e-01
   5.4877441e-01
   5.4877441e-01
   5.5031867e-01
   5.5186293e-01
   5.5495145e-01
   5.5965045e-01
   5.5965045e-01
   5.6065741e-01
   5.6065741e-01
   5.6166436e-01
   5.6267132e-01
   5.6468524e-01
   5.6871307e-01
   5.7091628e-01
   5.7091628e-01
   5.7466264e-01
   5.7466264e-01
   5.7840901e-01
   5.8215537e-01
   5.8264184e-01
   5.8264184e-01
   5.8935882e-01
   5.8935882e-01
   5.9488244e-01
   5.9488244e-01
   6.0040606e-01
   6.0483673e-01
   6.0483673e-01
   6.0770318e-01
   6.0770318e-01
   6.1056963e-01
   6.1343607e-01
   6.1916897e-01
   6.2118078e-01
   6.2118078e-01
   6.2120384e-01
   6.2120384e-01
   6.2205857e-01
   6.2291330e-01
   6.2462276e-01
   6.2804167e-01
   6.3487949e-01
   6.3533698e-01
   6.3533698e-01
   6.3849402e-01
   6.3849402e-01
   6.4165105e-01
   6.4480809e-01
   6.5033416e-01
   6.5033416e-01
   6.5664823e-01
   6.5695287e-01
   6.5695287e-01
   6.6326694e-01
   6.6630229e-01
   6.6630229e-01
   6.7261636e-01
   6.7676337e-01
   6.7676337e-01
   6.8307744e-01
   6.8339982e-01
   6.8339982e-01
   6.8971389e-01
   6.9602796e-01
   6.9814615e-01
   6.9814615e-01
   7.0182092e-01
   7.0182092e-01
   7.0549569e-01
   7.0917045e-01
   7.1651999e-01
   7.2136332e-01
   7.2136332e-01
   7.2180337e-01
   7.2180337e-01
   7.2265810e-01
   7.2351283e-01
   7.2522228e-01
   7.2864120e-01
   7.3547902e-01
   7.4352691e-01
   7.4352691e-01
   7.4657399e-01
   7.4657399e-01
   7.4962107e-01
   7.5266815e-01
   7.5876232e-01
   7.6738982e-01
   7.6738982e-01
   7.7422611e-01
   7.7422611e-01
   7.8106240e-01
   7.8789870e-01
   7.9377057e-01
   7.9377057e-01
   8.0463660e-01
   8.0463660e-01
   8.1550264e-01
   8.2298811e-01
   8.2298811e-01
   8.3385414e-01
   8.3797428e-01
   8.3797428e-01
   8.4884031e-01
   8.5515839e-01
   8.5515839e-01
   8.6602442e-01
   8.7413030e-01
   8.7413030e-01
   8.8499634e-01
   8.8996374e-01
   8.8996374e-01
   9.0082977e-01
   9.1169581e-01
   9.1259423e-01
   9.1259423e-01
   9.2654464e-01
   9.2654464e-01
   9.4049504e-01
   9.5252463e-01
   9.5252463e-01
   9.6378165e-01
   9.6378165e-01
   9.7503866e-01
   9.8629567e-01
   9.9304511e-01
   9.9304511e-01
   1.0007912e+00
   1.0007912e+00
   1.0085373e+00
   1.0162834e+00
   1.0317756e+00
   1.0335309e+00
   1.0335309e+00
   1.0371420e+00
   1.0371420e+00
   1.0407531e+00
   1.0443642e+00
   1.0515864e+00
   1.0660309e+00
   1.0727528e+00
   1.0727528e+00
   1.0736863e+00
   1.0736863e+00
   1.0746198e+00
   1.0755532e+00
   1.0774202e+00
   1.0811541e+00
   1.0886219e+00
   1.1035575e+00
   1.1077174e+00
   1.1077174e+00
   1.1134612e+00
   1.1134612e+00
   1.1192051e+00
   1.1249489e+00
   1.1364365e+00
   1.1421586e+00
   1.1421586e+00
   1.1529053e+00
   1.1529053e+00
   1.1636520e+00
   1.1743987e+00
   1.1762552e+00
   1.1762552e+00
   1.1921555e+00
   1.1921555e+00
   1.2080557e+00
   1.2101855e+00
   1.2101855e+00
   1.2260857e+00
   1.2313956e+00
   1.2313956e+00
   1.2441258e+00
   1.2441258e+00
   1.2568560e+00
   1.2695862e+00
   1.2708068e+00
   1.2708068e+00
   1.2782450e+00
   1.2782450e+00
   1.2856833e+00
   1.2931215e+00
   1.3079979e+00
   1.3105759e+00
   1.3105759e+00
   1.3127077e+00
   1.3127077e+00
   1.3148396e+00
   1.3169715e+00
   1.3212352e+00
   1.3297626e+00
   1.3468175e+00
   1.3476493e+00
   1.3476493e+00
   1.3508495e+00
   1.3508495e+00
   1.3540497e+00
   1.3572500e+00
   1.3636504e+00
   1.3764514e+00
   1.3832271e+00
   1.3832271e+00
   1.3918444e+00
   1.3918444e+00
   1.4004616e+00
   1.4090789e+00
   1.4196381e+00
   1.4196381e+00
   1.4337959e+00
   1.4337959e+00
   1.4479537e+00
   1.4570714e+00
   1.4570714e+00
   1.4712292e+00
   1.4769262e+00
   1.4769262e+00
   1.4910840e+00
   1.4957384e+00
   1.4957384e+00
   1.5098962e+00
   1.5214919e+00
   1.5214919e+00
   1.5356497e+00
   1.5358795e+00
   1.5358795e+00
   1.5500373e+00
   1.5641951e+00
   1.5677849e+00
   1.5677849e+00
   1.5777729e+00
   1.5777729e+00
   1.5877610e+00
   1.5977490e+00
   1.6161457e+00
   1.6161457e+00
   1.6217470e+00
   1.6217470e+00
   1.6273484e+00
   1.6329497e+00
   1.6441525e+00
   1.6665579e+00
   1.6669794e+00
   1.6669794e+00
   1.6681954e+00
   1.6681954e+00
   1.6694113e+00
   1.6706272e+00
   1.6730591e+00
   1.6779227e+00
   1.6876501e+00
   1.7071049e+00
   1.7174996e+00
   1.7174996e+00
   1.7206373e+00
   1.7206373e+00
   1.7237750e+00
   1.7269127e+00
   1.7331882e+00
   1.7457390e+00
   1.7702876e+00
   1.7702876e+00
   1.7778441e+00
   1.7778441e+00
   1.7854005e+00
   1.7929569e+00
   1.8080698e+00
   1.8273347e+00
   1.8273347e+00
   1.8393924e+00
   1.8393924e+00
   1.8514501e+00
   1.8635078e+00
   1.8876232e+00
   1.8895384e+00
   1.8895384e+00
   1.9062342e+00
   1.9062342e+00
   1.9229299e+00
   1.9396257e+00
   1.9579935e+00
   1.9579935e+00
   1.9796285e+00
   1.9796285e+00
   2.0012634e+00
   2.0228984e+00
   2.0339655e+00
   2.0339655e+00
   2.0611987e+00
   2.0611987e+00
   2.0884319e+00
   2.1156651e+00
   2.1187288e+00
   2.1187288e+00
   2.1530249e+00
   2.1530249e+00
   2.1873209e+00
   2.2131272e+00
   2.2131272e+00
   2.2474232e+00
   2.2575787e+00
   2.2575787e+00
   2.2918747e+00
   2.3168534e+00
   2.3168534e+00
   2.3511494e+00
   2.3772210e+00
   2.3772210e+00
   2.4115171e+00
   2.4280187e+00
   2.4280187e+00
   2.4623147e+00
   2.4966108e+00
   2.5127464e+00
   2.5127464e+00
   2.5438738e+00
   2.5438738e+00
   2.5750011e+00
   2.6061285e+00
   2.6615270e+00
   2.6615270e+00
   2.6622060e+00
   2.6622060e+00
   2.6630607e+00
   2.6639154e+00
   2.6656249e+00
   2.6690438e+00
   2.6758816e+00
   2.6895573e+00
   2.7169086e+00
   2.7716112e+00
   2.7832725e+00
   2.7832725e+00
   2.8186936e+00
   2.8186936e+00
   2.8541148e+00
   2.8895359e+00
   2.9063049e+00
   2.9063049e+00
   2.9771472e+00
   2.9813391e+00
   2.9813391e+00
   3.0328045e+00
   3.0328045e+00
   3.0842699e+00
   3.1357353e+00
   3.1493474e+00
   3.1493474e+00
   3.1648686e+00
   3.1648686e+00
   3.1803898e+00
   3.1959109e+00
   3.2269533e+00
   3.2890380e+00
   3.3050237e+00
   3.3050237e+00
   3.3236990e+00
   3.3236990e+00
   3.3423743e+00
   3.3610496e+00
   3.3984003e+00
   3.4551124e+00
   3.4551124e+00
   3.5086320e+00
   3.5086320e+00
   3.5621516e+00
   3.6156713e+00
   3.6202819e+00
   3.6202819e+00
   3.7079186e+00
   3.7079186e+00
   3.7955552e+00
   3.8049235e+00
   3.8049235e+00
   3.8925602e+00
   3.9303504e+00
   3.9303504e+00
   4.0178287e+00
   4.0178287e+00
   4.1053069e+00
   4.1879250e+00
   4.1879250e+00
   4.2661805e+00
   4.2661805e+00
   4.3444359e+00
   4.4226914e+00
   4.5046882e+00
   4.5046882e+00
   4.5558284e+00
   4.5558284e+00
   4.6069686e+00
   4.6581088e+00
   4.7603891e+00
   4.8795026e+00
   4.8795026e+00
   4.9264388e+00
   4.9264388e+00
   4.9733750e+00
   5.0203112e+00
   5.1141835e+00
   5.2082542e+00
   5.2082542e+00
   5.3043017e+00
   5.4003493e+00
   5.5399293e+00
   5.5399293e+00
   5.6105689e+00
   5.6105689e+00
   5.6812086e+00
   5.7518482e+00
   5.8712556e+00
   5.8712556e+00
   5.9736421e+00
   6.0760286e+00
   6.2084318e+00
   6.2084318e+00
   6.3464569e+00
   6.4813843e+00
   6.5676475e+00
   6.5676475e+00
   6.6357762e+00
   6.6357762e+00
   6.7039049e+00
   6.7720336e+00
   6.8977742e+00
   6.9449192e+00
   6.9449192e+00
   7.0609520e+00
   7.1769847e+00
   7.3158615e+00
   7.3709843e+00
   7.3709843e+00
   7.4556931e+00
   7.5404020e+00
   7.6715485e+00
   7.7506573e+00
   7.7506573e+00
   7.8430977e+00
   7.8527417e+00
   7.8527417e+00
   7.9451822e+00
   8.0376226e+00
   8.1728018e+00
   8.3475617e+00
   8.4443621e+00
   8.4443621e+00
   8.5532133e+00
   8.6413124e+00
   8.7510690e+00
   8.8997678e+00
   9.0691042e+00
   9.1483930e+00
   9.1483930e+00
   9.2499484e+00
   9.3515037e+00
   9.4379843e+00
   9.5518339e+00
   9.7055801e+00
   9.8381351e+00
   9.9706901e+00
   1.0104461e+01
   1.0217229e+01
   1.0217229e+01
   1.0301024e+01
   1.0384818e+01
   1.0511212e+01
   1.0679719e+01
   1.0796709e+01
   1.0913699e+01
   1.1052640e+01
   1.1203730e+01
   1.1339228e+01
   1.1452446e+01
   1.1562037e+01
   1.1689861e+01
   1.1839561e+01
   1.1986469e+01
   1.2079057e+01
   1.2171645e+01
   1.2308198e+01
   1.2413539e+01
   1.2518879e+01
   1.2655912e+01
   1.2819650e+01
   1.2930505e+01
   1.3041359e+01
   1.3179289e+01
   1.3337133e+01
   1.3449036e+01
   1.3560939e+01
   1.3697695e+01
   1.3853128e+01
   1.3994160e+01
   1.4107634e+01
   1.4212825e+01
   1.4336025e+01
   1.4486115e+01
   1.4639021e+01
   1.4764917e+01
   1.4870077e+01
   1.4981291e+01
   1.5000000e+01
