 0.000000 
 0.000003 
 0.000016 
 0.000084 
 0.000424 
 0.002121 
 0.010607 
 0.053037 
 0.213037 
 0.373037 
 0.533037 
 0.693037 
 0.853037 
 1.013037 
 1.173037 
 1.333037 
 1.493037 
 1.653037 
 1.813037 
 1.973037 
 2.133037 
 2.293037 
 2.453037 
 2.613037 
 2.773037 
 2.933037 
 3.093037 
 3.253037 
 3.413037 
 3.573037 
 3.733037 
 3.893037 
 4.053037 
 4.213037 
 4.373037 
 4.533037 
 4.693037 
 4.853037 
 5.013037 
 5.173037 
 5.333037 
 5.493037 
 5.653037 
 5.813037 
 5.973037 
 6.133037 
 6.293037 
 6.453037 
 6.613037 
 6.773037 
 6.933037 
 7.093037 
 7.253037 
 7.413037 
 7.573037 
 7.733037 
 7.893037 
 8.000000 
