 1.000000 
 0.999978 
 0.999870 
 0.999327 
 0.996611 
 0.983029 
 0.915035 
 0.573286 
 -0.723676 
 -1.983744 
 -3.142677 
 -4.141390 
 -4.928967 
 -5.465255 
 -5.722915 
 -5.688809 
 -5.364676 
 -4.767043 
 -3.926376 
 -2.885535 
 -1.697584 
 -0.423087 
 0.872979 
 2.124540 
 3.267787 
 4.244436 
 5.004695 
 5.509806 
 5.734016 
 5.665894 
 5.308915 
 4.681277 
 3.814978 
 2.754185 
 1.552978 
 0.272597 
 -1.021681 
 -2.263872 
 -3.390646 
 -4.344559 
 -5.076977 
 -5.550561 
 -5.741167 
 -5.639077 
 -5.249497 
 -4.592286 
 -3.700953 
 -2.620937 
 -1.407301 
 -0.121919 
 1.169679 
 2.401645 
 3.511170 
 4.441689 
 5.145761 
 5.587493 
 5.744364 
 5.685782 
