 4.000000 
 3.999905 
 3.999430 
 3.997054 
 3.985172 
 3.925752 
 3.628321 
 2.134182 
 -3.524192 
 -9.002895 
 -14.022613 
 -18.327431 
 -21.697881 
 -23.962131 
 -25.004745 
 -24.772570 
 -23.277441 
 -20.595583 
 -16.863723 
 -12.272118 
 -7.054858 
 -1.477928 
 4.174350 
 9.613811 
 14.563141 
 18.770013 
 22.019954 
 24.147275 
 25.043522 
 24.663001 
 23.025113 
 20.213361 
 16.371093 
 11.694195 
 6.421105 
 0.820655 
 -4.821633 
 -10.218104 
 -15.093637 
 -19.199666 
 -22.326859 
 -24.315786 
 -25.065048 
 -24.536444 
 -22.756926 
 -19.817216 
 -15.867186 
 -11.108217 
 -5.782930 
 -0.162819 
 5.465593 
 10.815358 
 15.613735 
 19.616094 
 22.618386 
 24.467548 
 25.069308 
 24.757997 
