 9.000000 
 8.999970 
 8.999821 
 8.999074 
 8.995350 
 8.976928 
 8.889670 
 8.563539 
 8.420744 
 8.875810 
 9.032262 
 8.495771 
 7.192233 
 5.241081 
 2.864981 
 0.325186 
 -2.123767 
 -4.264130 
 -5.932813 
 -7.029532 
 -7.517411 
 -7.417950 
 -6.802047 
 -5.778525 
 -4.481411 
 -3.057006 
 -1.651585 
 -0.400403 
 0.581493 
 1.206290 
 1.418085 
 1.195146 
 0.549822 
 -0.473707 
 -1.803571 
 -3.345872 
 -4.991466 
 -6.623403 
 -8.124584 
 -9.385181 
 -10.309413 
 -10.821322 
 -10.869259 
 -10.428868 
 -9.504453 
 -8.128682 
 -6.360692 
 -4.282727 
 -1.995527 
 0.387274 
 2.745414 
 4.958586 
 6.912997 
 8.507533 
 9.659224 
 10.307722 
 10.418557 
 10.188297 
