 2.000000 
 2.000000 
 2.000000 
 2.000000 
 2.000005 
 2.000117 
 2.002880 
 2.067681 
 2.859768 
 4.054457 
 5.225154 
 6.119366 
 6.612141 
 6.671746 
 6.332524 
 5.672460 
 4.794406 
 3.810562 
 2.830045 
 1.949408 
 1.245960 
 0.773659 
 0.561316 
 0.612804 
 0.908968 
 1.410868 
 2.064026 
 2.803332 
 3.558246 
 4.258010 
 4.836545 
 5.236790 
 5.414278 
 5.339775 
 5.000898 
 4.402654 
 3.566927 
 2.530975 
 1.345065 
 0.069392 
 -1.229511 
 -2.482669 
 -3.622652 
 -4.587420 
 -5.323823 
 -5.790588 
 -5.960619 
 -5.822506 
 -5.381183 
 -4.657686 
 -3.688060 
 -2.521462 
 -1.217572 
 0.156543 
 1.529945 
 2.831545 
 3.993811 
 4.662718 
