 4.000000 
 3.999716 
 3.998297 
 3.991205 
 3.955777 
 3.779520 
 2.920050 
 -0.860689 
 -8.907172 
 -10.506212 
 -8.889913 
 -6.121196 
 -3.412751 
 -1.379677 
 -0.237054 
 0.050008 
 -0.343594 
 -1.180453 
 -2.212896 
 -3.216316 
 -4.008673 
 -4.460112 
 -4.495568 
 -4.092456 
 -3.274968 
 -2.106101 
 -0.678305 
 0.896530 
 2.497128 
 4.002408 
 5.300133 
 6.294280 
 6.910843 
 7.101902 
 6.847859 
 6.157862 
 5.068494 
 3.640915 
 1.956680 
 0.112536 
 -1.785488 
 -3.628348 
 -5.310258 
 -6.734646 
 -7.819472 
 -8.501657 
 -8.740410 
 -8.519293 
 -7.846960 
 -6.756534 
 -5.303701 
 -3.563618 
 -1.626829 
 0.405604 
 2.427475 
 4.333052 
 6.022624 
 6.987162 
