 0.000000 
 0.000201 
 0.001206 
 0.006229 
 0.031343 
 0.156806 
 0.781363 
 3.819077 
 13.198113 
 17.976661 
 17.911984 
 14.127996 
 8.361958 
 2.287579 
 -2.904356 
 -6.636991 
 -8.858300 
 -9.839817 
 -9.963583 
 -9.563484 
 -8.846663 
 -7.887929 
 -6.671570 
 -5.150627 
 -3.299429 
 -1.145639 
 1.221420 
 3.661780 
 6.007122 
 8.086071 
 9.746220 
 10.869552 
 11.380529 
 11.247969 
 10.482601 
 9.132199 
 7.275695 
 5.017043 
 2.479075 
 -0.202729 
 -2.886676 
 -5.431584 
 -7.703645 
 -9.583163 
 -10.970781 
 -11.792749 
 -12.004900 
 -11.595022 
 -10.583500 
 -9.022177 
 -6.991558 
 -4.596497 
 -1.960663 
 0.779935 
 3.484012 
 6.012290 
 8.234652 
 9.492186 
