 7.000000 
 6.999842 
 6.999055 
 6.995118 
 6.975435 
 6.877136 
 6.388568 
 4.034106 
 -2.860622 
 -5.979791 
 -6.141009 
 -5.159458 
 -4.687493 
 -5.531324 
 -7.553475 
 -9.993194 
 -11.931652 
 -12.671075 
 -11.914293 
 -9.749130 
 -6.514266 
 -2.638762 
 1.478255 
 5.522591 
 9.264485 
 12.529934 
 15.171093 
 17.052071 
 18.053228 
 18.087505 
 17.118893 
 15.174890 
 12.349065 
 8.794153 
 4.708730 
 0.321162 
 -4.126301 
 -8.391798 
 -12.246210 
 -15.483895 
 -17.932153 
 -19.459471 
 -19.982195 
 -19.469110 
 -17.943387 
 -15.481574 
 -12.209604 
 -8.296050 
 -3.943090 
 0.624238 
 5.169861 
 9.458949 
 13.270028 
 16.406345 
 18.705928 
 20.049865 
 20.368377 
 19.998721 
